1.0
1.1
1.2
1.3
1.5
1.6
1.8
2.0
2.2
2.4
2.7
3.0
3.3
3.6
3.9
4.3
4.7
5.1
5.6
6.2
6.8
7.5
8.2
9.1
10
11
12
13
15
16
18
20
22
24
27
30
33
36
39
43
47
51
56
62
68
75
82
10
12
15
18
22
27
33
39
47
56
68
82
91
100
110
120
130
150
160
180
200
220
240
270
300
330
360
390
430
470
510
560
620
680
750
820
910
1000
1100
1200
1300
1500
1600
1800
2000
2200
2400
2700
3000
3300
3600
3900
4300
4700
5100
5600
6200
6800
7500
8200
9100
10000
11000
12000
13000
15000
16000
18000
20000
22000
27000
33000
39000
47000
56000
68000
82000
100000
120000
150000
180000
220000
270000
330000
390000
470000


